-9.342986,38.679914
-9.326740,38.680081
-9.424442,38.691778
-9.359449,38.692479
-9.343201,38.692648
-9.473422,38.703963
-9.457172,38.704149
-9.440921,38.704332
-9.424671,38.704512
-9.408420,38.704691
-9.392169,38.704867
-9.375918,38.705041
-9.359667,38.705213
-9.343416,38.705383
-9.327164,38.705550
-9.473660,38.716697
-9.457407,38.716882
-9.441154,38.717066
-9.424900,38.717246
-9.408647,38.717425
-9.392393,38.717601
-9.376139,38.717776
-9.359885,38.717947
-9.343630,38.718117
-9.327376,38.718284
-9.457642,38.729616
-9.441386,38.729799
-9.425130,38.729980
-9.408873,38.730159
-9.392616,38.730336
-9.376360,38.730510
-9.360103,38.730682
-9.343846,38.730851
-9.327588,38.731019
-9.213784,38.732128
-9.457878,38.742350
-9.441619,38.742533
-9.425359,38.742714
-9.409100,38.742893
-9.392840,38.743070
-9.376581,38.743244
-9.360321,38.743416
-9.344061,38.743586
-9.327801,38.743753
-9.311540,38.743919
-9.246498,38.744557
-9.230237,38.744711
-9.213976,38.744862
-9.474375,38.754898
-9.458113,38.755084
-9.441851,38.755267
-9.425589,38.755448
-9.409327,38.755627
-9.393064,38.755804
-9.376802,38.755978
-9.360539,38.756150
-9.344276,38.756320
-9.328013,38.756488
-9.311750,38.756653
-9.295487,38.756816
-9.279223,38.756977
-9.262960,38.757135
-9.246696,38.757292
-9.230432,38.757446
-9.214169,38.757597
-9.197905,38.757747
-9.490878,38.767444
-9.474614,38.767632
-9.458349,38.767817
-9.442084,38.768001
-9.425819,38.768182
-9.409554,38.768361
-9.393289,38.768538
-9.377023,38.768712
-9.360758,38.768884
-9.344492,38.769054
-9.328226,38.769222
-9.311960,38.769387
-9.295694,38.769551
-9.279427,38.769711
-9.263161,38.769870
-9.246894,38.770026
-9.230628,38.770180
-9.214361,38.770332
-9.198094,38.770482
-9.491120,38.780177
-9.474853,38.780365
-9.458585,38.780551
-9.442317,38.780735
-9.426049,38.780916
-9.409781,38.781095
-9.393513,38.781272
-9.377245,38.781446
-9.360976,38.781619
-9.344707,38.781789
-9.328439,38.781956
-9.312170,38.782122
-9.295901,38.782285
-9.279631,38.782446
-9.263362,38.782605
-9.247093,38.782761
-9.230823,38.782915
-9.214553,38.783067
-9.198284,38.783217
-9.182014,38.783364
-9.133203,38.783792
-9.116933,38.783931
-9.100662,38.784067
-9.475092,38.793099
-9.458821,38.793285
-9.442550,38.793468
-9.426280,38.793650
-9.410009,38.793829
-9.393737,38.794006
-9.377466,38.794180
-9.361195,38.794353
-9.344923,38.794523
-9.328652,38.794691
-9.312380,38.794856
-9.296108,38.795019
-9.279836,38.795180
-9.263564,38.795339
-9.247291,38.795496
-9.231019,38.795650
-9.214746,38.795802
-9.198473,38.795951
-9.182201,38.796099
-9.165928,38.796244
-9.149655,38.796387
-9.133381,38.796528
-9.117108,38.796666
-9.100835,38.796802
-9.475331,38.805832
-9.459057,38.806018
-9.442784,38.806202
-9.426510,38.806384
-9.410236,38.806563
-9.393962,38.806740
-9.377688,38.806914
-9.361414,38.807087
-9.345139,38.807257
-9.328865,38.807425
-9.312590,38.807590
-9.296315,38.807754
-9.280040,38.807915
-9.263765,38.808074
-9.247490,38.808230
-9.231214,38.808385
-9.214939,38.808537
-9.198663,38.808686
-9.182388,38.808834
-9.166112,38.808979
-9.149836,38.809122
-9.133560,38.809263
-9.117284,38.809401
-9.101007,38.809537
-9.084731,38.809671
-8.987070,38.810427
-9.459294,38.818752
-9.443017,38.818936
-9.426740,38.819117
-9.410464,38.819297
-9.394187,38.819474
-9.377910,38.819648
-9.361633,38.819821
-9.345355,38.819991
-9.329078,38.820159
-9.312800,38.820325
-9.296522,38.820488
-9.280245,38.820649
-9.263967,38.820808
-9.247688,38.820965
-9.231410,38.821119
-9.215132,38.821271
-9.198853,38.821421
-9.182575,38.821569
-9.166296,38.821714
-9.150017,38.821857
-9.133738,38.821998
-9.117459,38.822136
-9.101180,38.822272
-9.084901,38.822406
-9.068621,38.822538
-9.003502,38.823042
-8.987223,38.823162
-8.970943,38.823280
-9.459530,38.831486
-9.443251,38.831669
-9.426971,38.831851
-9.410692,38.832030
-9.394412,38.832208
-9.378132,38.832382
-9.361852,38.832555
-9.345571,38.832725
-9.329291,38.832893
-9.313011,38.833059
-9.296730,38.833223
-9.280449,38.833384
-9.264168,38.833543
-9.247887,38.833699
-9.231606,38.833854
-9.215325,38.834006
-9.199043,38.834156
-9.182762,38.834304
-9.166480,38.834449
-9.150199,38.834592
-9.133917,38.834733
-9.117635,38.834871
-9.101353,38.835008
-9.085070,38.835142
-9.068788,38.835273
-9.052506,38.835403
-9.019941,38.835655
-9.003658,38.835778
-8.987375,38.835898
-8.971092,38.836016
-9.443484,38.844403
-9.427202,38.844585
-9.410919,38.844764
-9.394637,38.844941
-9.378354,38.845116
-9.362071,38.845289
-9.345788,38.845459
-9.329505,38.845627
-9.313221,38.845793
-9.296938,38.845957
-9.280654,38.846118
-9.264370,38.846277
-9.248086,38.846434
-9.231802,38.846588
-9.215518,38.846741
-9.199234,38.846891
-9.182949,38.847038
-9.166665,38.847184
-9.150380,38.847327
-9.134095,38.847468
-9.117810,38.847606
-9.101525,38.847743
-9.085240,38.847877
-9.068955,38.848009
-9.052670,38.848138
-9.036384,38.848265
-9.020099,38.848390
-9.003813,38.848513
-8.987528,38.848633
-8.971242,38.848752
-8.954956,38.848867
-9.443718,38.857137
-9.427433,38.857318
-9.411148,38.857498
-9.394862,38.857675
-9.378576,38.857850
-9.362290,38.858023
-9.346004,38.858193
-9.329718,38.858362
-9.313432,38.858528
-9.297145,38.858691
-9.280859,38.858853
-9.264572,38.859012
-9.248285,38.859168
-9.231998,38.859323
-9.215711,38.859475
-9.199424,38.859625
-9.183137,38.859773
-9.166849,38.859919
-9.150562,38.860062
-9.134274,38.860203
-9.117986,38.860341
-9.101698,38.860478
-9.085410,38.860612
-9.069122,38.860744
-9.052834,38.860873
-9.036546,38.861001
-9.020257,38.861126
-9.003969,38.861248
-8.987680,38.861369
-8.971391,38.861487
-8.955103,38.861603
-8.938814,38.861717
-9.443952,38.869870
-9.427664,38.870052
-9.411376,38.870232
-9.395087,38.870409
-9.378799,38.870584
-9.362510,38.870757
-9.346221,38.870927
-9.329932,38.871096
-9.313643,38.871262
-9.297353,38.871425
-9.281064,38.871587
-9.264774,38.871746
-9.248484,38.871903
-9.232195,38.872058
-9.215905,38.872210
-9.199614,38.872360
-9.183324,38.872508
-9.167034,38.872653
-9.150743,38.872797
-9.134453,38.872938
-9.118162,38.873076
-9.101871,38.873213
-9.085580,38.873347
-9.069289,38.873479
-9.052998,38.873609
-9.036707,38.873736
-9.020416,38.873861
-9.004124,38.873984
-8.987833,38.874104
-8.971541,38.874223
-8.955249,38.874339
-8.938958,38.874452
-8.922666,38.874564
-9.427895,38.882786
-9.411604,38.882965
-9.395313,38.883143
-9.379021,38.883318
-9.362729,38.883491
-9.346438,38.883661
-9.330146,38.883830
-9.313854,38.883996
-9.297561,38.884160
-9.281269,38.884321
-9.264976,38.884480
-9.248684,38.884637
-9.232391,38.884792
-9.216098,38.884945
-9.199805,38.885095
-9.183512,38.885243
-9.167219,38.885388
-9.150925,38.885532
-9.134632,38.885673
-9.118338,38.885811
-9.102045,38.885948
-9.085751,38.886082
-9.069457,38.886214
-9.053163,38.886344
-9.036869,38.886471
-9.020574,38.886596
-9.004280,38.886719
-8.987986,38.886840
-8.971691,38.886958
-8.955396,38.887074
-8.939102,38.887188
-8.922807,38.887300
-9.428127,38.895519
-9.411833,38.895699
-9.395538,38.895877
-9.379244,38.896052
-9.362949,38.896225
-9.346655,38.896395
-9.330360,38.896564
-9.314065,38.896730
-9.297769,38.896894
-9.281474,38.897055
-9.265179,38.897215
-9.248883,38.897372
-9.232588,38.897527
-9.216292,38.897679
-9.199996,38.897829
-9.183700,38.897977
-9.167404,38.898123
-9.151107,38.898266
-9.134811,38.898407
-9.118514,38.898546
-9.102218,38.898683
-9.085921,38.898817
-9.069624,38.898949
-9.053327,38.899079
-9.037030,38.899206
-9.020733,38.899332
-9.004436,38.899455
-8.988139,38.899575
-8.971841,38.899694
-8.955544,38.899810
-8.939246,38.899924
-8.922948,38.900035
-9.428358,38.908253
-9.412061,38.908433
-9.395764,38.908610
-9.379467,38.908786
-9.363169,38.908959
-9.346872,38.909129
-9.330574,38.909298
-9.314276,38.909464
-9.297978,38.909628
-9.281680,38.909790
-9.265381,38.909949
-9.249083,38.910106
-9.232784,38.910261
-9.216485,38.910414
-9.200187,38.910564
-9.183888,38.910712
-9.167589,38.910858
-9.151289,38.911001
-9.134990,38.911142
-9.118691,38.911281
-9.102391,38.911418
-9.086092,38.911552
-9.069792,38.911684
-9.053492,38.911814
-9.037192,38.911942
-9.020892,38.912067
-9.004592,38.912190
-8.988292,38.912311
-8.971991,38.912429
-8.955691,38.912545
-8.939390,38.912659
-8.923090,38.912771
-8.906789,38.912880
-9.412290,38.921166
-9.395990,38.921344
-9.379690,38.921519
-9.363389,38.921693
-9.347089,38.921863
-9.330788,38.922032
-9.314487,38.922198
-9.298186,38.922362
-9.281885,38.922524
-9.265584,38.922683
-9.249282,38.922841
-9.232981,38.922996
-9.216679,38.923148
-9.200378,38.923298
-9.184076,38.923447
-9.167774,38.923592
-9.151472,38.923736
-9.135169,38.923877
-9.118867,38.924016
-9.086262,38.924287
-9.069959,38.924419
-9.053657,38.924549
-9.037354,38.924677
-9.021051,38.924802
-9.004748,38.924925
-8.988445,38.925046
-8.972141,38.925165
-8.955838,38.925281
-8.939535,38.925395
-8.923231,38.925506
-8.906927,38.925616
-8.890624,38.925723
-9.412519,38.933900
-9.396216,38.934078
-9.379913,38.934253
-9.363610,38.934426
-9.347306,38.934597
-9.331002,38.934766
-9.314699,38.934932
-9.298395,38.935096
-9.282091,38.935258
-9.265787,38.935418
-9.249482,38.935575
-9.233178,38.935730
-9.216873,38.935883
-9.200569,38.936033
-9.184264,38.936181
-9.167959,38.936327
-9.135349,38.936612
-9.070127,38.937154
-9.053822,38.937284
-9.037516,38.937412
-9.021210,38.937537
-9.004904,38.937661
-8.988598,38.937781
-8.972292,38.937900
-8.955985,38.938016
-8.939679,38.938130
-8.923373,38.938242
-8.907066,38.938351
-9.412748,38.946633
-9.396442,38.946811
-9.380136,38.946987
-9.363830,38.947160
-9.347523,38.947331
-9.331217,38.947500
-9.314910,38.947666
-9.298603,38.947830
-9.282297,38.947992
-9.265989,38.948152
-9.249682,38.948309
-9.217067,38.948617
-9.200760,38.948768
-9.184452,38.948916
-9.168144,38.949062
-9.086604,38.949757
-9.070295,38.949889
-9.053987,38.950019
-9.037678,38.950147
-9.021369,38.950273
-9.005060,38.950396
-8.988751,38.950517
-8.972442,38.950635
-8.956133,38.950752
-8.939824,38.950866
-8.923514,38.950977
-8.907205,38.951087
-8.890895,38.951194
-8.874585,38.951299
-9.412977,38.959367
-9.396669,38.959545
-9.380360,38.959721
-9.364050,38.959894
-9.347741,38.960065
-9.331432,38.960234
-9.315122,38.960400
-9.298812,38.960564
-9.282502,38.960726
-9.266192,38.960886
-9.249882,38.961044
-9.233572,38.961199
-9.086774,38.962492
-9.021528,38.963008
-9.005216,38.963131
-8.988904,38.963252
-8.972592,38.963371
-8.956280,38.963487
-8.939968,38.963601
-8.923656,38.963713
-8.907343,38.963822
-8.891031,38.963930
-8.874718,38.964035
-8.858406,38.964137
-9.413207,38.972100
-9.396895,38.972278
-9.380583,38.972454
-9.364271,38.972628
-9.347959,38.972799
-9.331646,38.972968
-9.315334,38.973134
-9.299021,38.973299
-9.282708,38.973461
-9.266396,38.973620
-9.250083,38.973778
-9.233769,38.973933
-9.217456,38.974086
-9.005373,38.975866
-8.989058,38.975987
-8.972743,38.976106
-8.956428,38.976222
-8.940113,38.976336
-8.923798,38.976448
-8.907482,38.976558
-8.891167,38.976665
-8.874851,38.976770
-9.413436,38.984834
-9.397122,38.985012
-9.380807,38.985188
-9.364492,38.985361
-9.348177,38.985533
-9.331861,38.985701
-9.315546,38.985868
-9.299230,38.986033
-9.282915,38.986195
-9.266599,38.986354
-9.250283,38.986512
-9.233967,38.986667
-9.217651,38.986820
-9.021847,38.988478
-9.005529,38.988601
-8.989212,38.988722
-8.972894,38.988841
-8.956576,38.988958
-8.940258,38.989072
-8.923940,38.989184
-8.907621,38.989293
-8.891303,38.989401
-8.874985,38.989506
-9.413666,38.997567
-9.397348,38.997746
-9.381031,38.997921
-9.364713,38.998095
-9.348395,38.998266
-9.332076,38.998435
-9.315758,38.998602
-9.299440,38.998766
-9.283121,38.998929
-9.266802,38.999089
-9.250483,38.999246
-9.234164,38.999402
-9.217845,38.999555
-9.022007,39.001213
-9.005686,39.001337
-8.973044,39.001576
-8.956724,39.001693
-8.924082,39.001919
-8.907760,39.002029
-8.891439,39.002136
-8.875118,39.002241
-8.858796,39.002344
-9.413896,39.010301
-9.397575,39.010479
-9.381255,39.010655
-9.364934,39.010829
-9.348613,39.011000
-9.332292,39.011169
-9.299649,39.011500
-9.283327,39.011663
-9.267006,39.011823
-9.218040,39.012289
-9.022166,39.013948
-8.924224,39.014655
-8.907900,39.014764
-8.891575,39.014872
-8.875251,39.014977
-8.858927,39.015080
-8.842602,39.015180
-9.414126,39.023034
-9.397802,39.023212
-9.381479,39.023388
-9.365155,39.023562
-9.348831,39.023734
-9.332507,39.023903
-8.891712,39.027607
-8.875384,39.027712
-9.414356,39.035768
-9.398030,39.035946
-9.381703,39.036122
-9.365376,39.036296
-9.414586,39.048501
-9.398257,39.048679
-9.381927,39.048855
-9.365598,39.049029
-9.321284,38.676994
-9.316688,38.677040
-9.321343,38.680596
-9.316748,38.680643
-9.321403,38.684199
-9.316807,38.684245
-9.312211,38.684292
-9.307615,38.684338
-9.303019,38.684384
-9.321463,38.687801
-9.316867,38.687848
-9.312270,38.687894
-9.307674,38.687941
-9.303078,38.687987
-9.298482,38.688033
-9.326119,38.691357
-9.321522,38.691403
-9.316926,38.691450
-9.312330,38.691497
-9.307733,38.691543
-9.303137,38.691589
-9.298540,38.691635
-9.293944,38.691681
-9.224995,38.692346
-9.220399,38.692389
-9.215802,38.692431
-9.211205,38.692474
-9.206609,38.692516
-9.202012,38.692558
-9.326179,38.694959
-9.321582,38.695006
-9.316985,38.695053
-9.312389,38.695099
-9.307792,38.695145
-9.303195,38.695192
-9.298599,38.695237
-9.294002,38.695283
-9.289405,38.695329
-9.284808,38.695374
-9.234244,38.695862
-9.229647,38.695905
-9.225050,38.695948
-9.220453,38.695991
-9.215856,38.696034
-9.211259,38.696076
-9.206662,38.696119
-9.202066,38.696161
-9.197469,38.696203
-9.192872,38.696245
-9.188275,38.696286
-9.183678,38.696328
-9.317045,38.698655
-9.312448,38.698701
-9.307851,38.698748
-9.303254,38.698794
-9.298657,38.698840
-9.294060,38.698886
-9.289463,38.698931
-9.284866,38.698977
-9.280269,38.699022
-9.275672,38.699067
-9.271075,38.699112
-9.266478,38.699157
-9.261881,38.699201
-9.257284,38.699245
-9.252687,38.699290
-9.248090,38.699334
-9.243493,38.699377
-9.238896,38.699421
-9.234299,38.699464
-9.229702,38.699508
-9.225105,38.699551
-9.220508,38.699594
-9.215911,38.699636
-9.211313,38.699679
-9.206716,38.699721
-9.202119,38.699763
-9.197522,38.699805
-9.192925,38.699847
-9.188328,38.699889
-9.183731,38.699930
-9.179133,38.699972
-9.174536,38.700013
-9.169939,38.700054
-9.165342,38.700094
-9.160744,38.700135
-9.321701,38.702211
-9.317104,38.702257
-9.312507,38.702304
-9.307910,38.702350
-9.303313,38.702396
-9.298716,38.702442
-9.294119,38.702488
-9.289521,38.702534
-9.284924,38.702579
-9.280327,38.702624
-9.275730,38.702669
-9.271133,38.702714
-9.266535,38.702759
-9.261938,38.702804
-9.257341,38.702848
-9.252744,38.702892
-9.248146,38.702936
-9.243549,38.702980
-9.238952,38.703023
-9.234354,38.703067
-9.229757,38.703110
-9.225160,38.703153
-9.220562,38.703196
-9.215965,38.703239
-9.211368,38.703281
-9.206770,38.703324
-9.202173,38.703366
-9.197576,38.703408
-9.192978,38.703450
-9.188381,38.703491
-9.183783,38.703533
-9.179186,38.703574
-9.174588,38.703615
-9.169991,38.703656
-9.165394,38.703697
-9.160796,38.703737
-9.156199,38.703778
-9.151601,38.703818
-9.142406,38.703898
-9.317164,38.705860
-9.312566,38.705906
-9.307969,38.705953
-9.303372,38.705999
-9.298774,38.706045
-9.294177,38.706091
-9.289579,38.706136
-9.284982,38.706182
-9.280385,38.706227
-9.275787,38.706272
-9.271190,38.706317
-9.266592,38.706362
-9.261995,38.706406
-9.257397,38.706450
-9.252800,38.706495
-9.248202,38.706539
-9.243605,38.706582
-9.239007,38.706626
-9.234410,38.706669
-9.229812,38.706713
-9.225215,38.706756
-9.220617,38.706799
-9.216019,38.706841
-9.211422,38.706884
-9.206824,38.706926
-9.202227,38.706968
-9.197629,38.707010
-9.193031,38.707052
-9.188434,38.707094
-9.183836,38.707135
-9.179238,38.707177
-9.174641,38.707218
-9.170043,38.707259
-9.165445,38.707299
-9.160848,38.707340
-9.156250,38.707380
-9.151652,38.707421
-9.147055,38.707461
-9.142457,38.707500
-9.137859,38.707540
-9.133261,38.707579
-9.128664,38.707619
-9.317223,38.709462
-9.312626,38.709509
-9.308028,38.709555
-9.303430,38.709601
-9.298833,38.709647
-9.294235,38.709693
-9.289638,38.709739
-9.285040,38.709784
-9.280442,38.709829
-9.275845,38.709874
-9.271247,38.709919
-9.266649,38.709964
-9.262051,38.710009
-9.257454,38.710053
-9.252856,38.710097
-9.248258,38.710141
-9.243661,38.710185
-9.239063,38.710229
-9.234465,38.710272
-9.229867,38.710315
-9.225269,38.710358
-9.220672,38.710401
-9.216074,38.710444
-9.211476,38.710486
-9.206878,38.710529
-9.202280,38.710571
-9.197682,38.710613
-9.193085,38.710655
-9.188487,38.710697
-9.183889,38.710738
-9.179291,38.710779
-9.174693,38.710820
-9.170095,38.710861
-9.165497,38.710902
-9.160899,38.710943
-9.156301,38.710983
-9.151704,38.711023
-9.147106,38.711063
-9.142508,38.711103
-9.137910,38.711143
-9.133312,38.711182
-9.128714,38.711221
-9.124116,38.711261
-9.312685,38.713111
-9.308087,38.713157
-9.303489,38.713204
-9.298891,38.713250
-9.294294,38.713295
-9.289696,38.713341
-9.285098,38.713387
-9.280500,38.713432
-9.275902,38.713477
-9.271304,38.713522
-9.266706,38.713566
-9.262108,38.713611
-9.257510,38.713655
-9.252912,38.713700
-9.248314,38.713744
-9.243716,38.713787
-9.239118,38.713831
-9.234520,38.713874
-9.229922,38.713918
-9.225324,38.713961
-9.220726,38.714004
-9.216128,38.714046
-9.211530,38.714089
-9.206932,38.714131
-9.202334,38.714174
-9.197736,38.714216
-9.193138,38.714257
-9.188540,38.714299
-9.183942,38.714341
-9.179344,38.714382
-9.174745,38.714423
-9.170147,38.714464
-9.165549,38.714505
-9.160951,38.714545
-9.156353,38.714586
-9.151755,38.714626
-9.147157,38.714666
-9.142558,38.714706
-9.137960,38.714745
-9.133362,38.714785
-9.128764,38.714824
-9.124165,38.714863
-9.119567,38.714902
-9.312744,38.716714
-9.308146,38.716760
-9.303548,38.716806
-9.298950,38.716852
-9.294352,38.716898
-9.289754,38.716944
-9.285156,38.716989
-9.280558,38.717034
-9.275959,38.717079
-9.271361,38.717124
-9.266763,38.717169
-9.262165,38.717214
-9.257567,38.717258
-9.252969,38.717302
-9.248370,38.717346
-9.243772,38.717390
-9.239174,38.717434
-9.234576,38.717477
-9.229977,38.717520
-9.225379,38.717563
-9.220781,38.717606
-9.216183,38.717649
-9.211584,38.717692
-9.206986,38.717734
-9.202388,38.717776
-9.197790,38.717818
-9.193191,38.717860
-9.188593,38.717902
-9.183995,38.717943
-9.179396,38.717984
-9.174798,38.718026
-9.170199,38.718066
-9.165601,38.718107
-9.161003,38.718148
-9.156404,38.718188
-9.151806,38.718228
-9.147207,38.718268
-9.142609,38.718308
-9.138011,38.718348
-9.133412,38.718387
-9.128814,38.718427
-9.124215,38.718466
-9.119617,38.718505
-9.115018,38.718544
-9.312804,38.720316
-9.308205,38.720362
-9.303607,38.720409
-9.299009,38.720454
-9.294410,38.720500
-9.289812,38.720546
-9.285214,38.720591
-9.280615,38.720637
-9.276017,38.720682
-9.271418,38.720727
-9.266820,38.720771
-9.262222,38.720816
-9.257623,38.720860
-9.253025,38.720905
-9.248426,38.720949
-9.243828,38.720992
-9.239230,38.721036
-9.234631,38.721079
-9.230033,38.721123
-9.225434,38.721166
-9.220836,38.721209
-9.216237,38.721252
-9.211639,38.721294
-9.207040,38.721336
-9.202442,38.721379
-9.197843,38.721421
-9.193244,38.721463
-9.188646,38.721504
-9.184047,38.721546
-9.179449,38.721587
-9.174850,38.721628
-9.170252,38.721669
-9.165653,38.721710
-9.161054,38.721750
-9.156456,38.721791
-9.151857,38.721831
-9.147258,38.721871
-9.142660,38.721911
-9.138061,38.721951
-9.133462,38.721990
-9.128864,38.722029
-9.124265,38.722068
-9.119666,38.722107
-9.115068,38.722146
-9.110469,38.722185
-9.312863,38.723918
-9.308264,38.723965
-9.303666,38.724011
-9.299067,38.724057
-9.294469,38.724103
-9.289870,38.724148
-9.285271,38.724194
-9.280673,38.724239
-9.276074,38.724284
-9.271476,38.724329
-9.266877,38.724374
-9.262278,38.724418
-9.257680,38.724463
-9.253081,38.724507
-9.248482,38.724551
-9.243884,38.724595
-9.239285,38.724639
-9.234686,38.724682
-9.230088,38.724725
-9.225489,38.724768
-9.220890,38.724811
-9.216292,38.724854
-9.207094,38.724939
-9.202495,38.724981
-9.197897,38.725023
-9.193298,38.725065
-9.188699,38.725107
-9.184100,38.725148
-9.179501,38.725190
-9.174903,38.725231
-9.170304,38.725272
-9.165705,38.725312
-9.161106,38.725353
-9.156507,38.725393
-9.151908,38.725434
-9.147309,38.725474
-9.142711,38.725513
-9.138112,38.725553
-9.133513,38.725593
-9.128914,38.725632
-9.124315,38.725671
-9.119716,38.725710
-9.115117,38.725749
-9.110518,38.725787
-9.105919,38.725826
-9.312922,38.727521
-9.308323,38.727567
-9.303725,38.727613
-9.299126,38.727659
-9.294527,38.727705
-9.289928,38.727751
-9.285329,38.727796
-9.280731,38.727842
-9.276132,38.727887
-9.271533,38.727932
-9.266934,38.727976
-9.262335,38.728021
-9.257736,38.728065
-9.253137,38.728109
-9.248539,38.728154
-9.243940,38.728197
-9.239341,38.728241
-9.234742,38.728284
-9.230143,38.728328
-9.225544,38.728371
-9.220945,38.728414
-9.207148,38.728542
-9.202549,38.728584
-9.197950,38.728626
-9.193351,38.728668
-9.188752,38.728709
-9.184153,38.728751
-9.179554,38.728792
-9.174955,38.728833
-9.170356,38.728874
-9.165757,38.728915
-9.161158,38.728956
-9.156559,38.728996
-9.151960,38.729036
-9.147360,38.729076
-9.142761,38.729116
-9.138162,38.729156
-9.133563,38.729195
-9.128964,38.729235
-9.124365,38.729274
-9.119766,38.729313
-9.115166,38.729351
-9.110567,38.729390
-9.105968,38.729428
-9.308382,38.731170
-9.303783,38.731216
-9.299184,38.731262
-9.294585,38.731308
-9.289986,38.731353
-9.285387,38.731399
-9.280788,38.731444
-9.276189,38.731489
-9.271590,38.731534
-9.266991,38.731579
-9.262392,38.731623
-9.257793,38.731668
-9.253194,38.731712
-9.248595,38.731756
-9.243996,38.731800
-9.239396,38.731844
-9.234797,38.731887
-9.230198,38.731930
-9.225599,38.731973
-9.202603,38.732186
-9.198004,38.732228
-9.193404,38.732270
-9.188805,38.732312
-9.184206,38.732353
-9.179607,38.732395
-9.175007,38.732436
-9.170408,38.732477
-9.165809,38.732518
-9.161209,38.732558
-9.156610,38.732599
-9.152011,38.732639
-9.147411,38.732679
-9.142812,38.732719
-9.138213,38.732758
-9.133613,38.732798
-9.129014,38.732837
-9.124415,38.732876
-9.119815,38.732915
-9.115216,38.732954
-9.110616,38.732993
-9.106017,38.733031
-9.101418,38.733069
-9.308442,38.734772
-9.303842,38.734818
-9.299243,38.734864
-9.294644,38.734910
-9.290045,38.734956
-9.285445,38.735001
-9.280846,38.735046
-9.276247,38.735092
-9.271647,38.735137
-9.267048,38.735181
-9.262449,38.735226
-9.244051,38.735402
-9.202657,38.735789
-9.198057,38.735831
-9.193458,38.735873
-9.188858,38.735914
-9.184259,38.735956
-9.179659,38.735997
-9.175060,38.736038
-9.170460,38.736079
-9.165861,38.736120
-9.161261,38.736161
-9.156662,38.736201
-9.152062,38.736241
-9.147462,38.736281
-9.142863,38.736321
-9.138263,38.736361
-9.133664,38.736400
-9.129064,38.736440
-9.124465,38.736479
-9.119865,38.736518
-9.115265,38.736557
-9.110666,38.736595
-9.106066,38.736634
-9.101466,38.736672
-9.303901,38.738421
-9.299302,38.738467
-9.294702,38.738512
-9.290103,38.738558
-9.285503,38.738604
-9.280904,38.738649
-9.276304,38.738694
-9.271705,38.738739
-9.267105,38.738784
-9.202710,38.739391
-9.198111,38.739433
-9.193511,38.739475
-9.188911,38.739517
-9.184312,38.739558
-9.179712,38.739600
-9.175112,38.739641
-9.170512,38.739682
-9.165913,38.739723
-9.161313,38.739763
-9.156713,38.739804
-9.152113,38.739844
-9.147513,38.739884
-9.142914,38.739924
-9.138314,38.739964
-9.133714,38.740003
-9.129114,38.740042
-9.124514,38.740082
-9.119915,38.740121
-9.115315,38.740159
-9.110715,38.740198
-9.106115,38.740236
-9.101515,38.740275
-9.096915,38.740313
-9.303960,38.742023
-9.299360,38.742069
-9.294761,38.742115
-9.290161,38.742161
-9.285561,38.742206
-9.280961,38.742251
-9.276362,38.742296
-9.271762,38.742341
-9.267162,38.742386
-9.202764,38.742994
-9.198164,38.743036
-9.193564,38.743078
-9.188964,38.743120
-9.184364,38.743161
-9.179765,38.743202
-9.175165,38.743244
-9.170565,38.743284
-9.165965,38.743325
-9.161365,38.743366
-9.156765,38.743406
-9.152165,38.743447
-9.147565,38.743487
-9.142964,38.743526
-9.138364,38.743566
-9.133764,38.743606
-9.129164,38.743645
-9.124564,38.743684
-9.119964,38.743723
-9.115364,38.743762
-9.110764,38.743801
-9.106164,38.743839
-9.101564,38.743877
-9.096964,38.743915
-9.304019,38.745625
-9.285619,38.745808
-9.281019,38.745854
-9.276419,38.745899
-9.271819,38.745944
-9.207418,38.746554
-9.202818,38.746596
-9.198218,38.746638
-9.193618,38.746680
-9.189018,38.746722
-9.184417,38.746764
-9.179817,38.746805
-9.175217,38.746846
-9.170617,38.746887
-9.166017,38.746928
-9.161416,38.746968
-9.156816,38.747009
-9.152216,38.747049
-9.147616,38.747089
-9.143015,38.747129
-9.138415,38.747169
-9.133815,38.747208
-9.129214,38.747248
-9.124614,38.747287
-9.120014,38.747326
-9.115414,38.747365
-9.110813,38.747403
-9.106213,38.747442
-9.101612,38.747480
-9.097012,38.747518
-9.304078,38.749228
-9.281077,38.749456
-9.207472,38.750157
-9.202872,38.750199
-9.198271,38.750241
-9.193671,38.750283
-9.189071,38.750325
-9.184470,38.750366
-9.179870,38.750407
-9.175269,38.750449
-9.170669,38.750490
-9.166069,38.750530
-9.161468,38.750571
-9.156868,38.750611
-9.152267,38.750652
-9.147667,38.750692
-9.143066,38.750732
-9.138466,38.750771
-9.133865,38.750811
-9.129265,38.750850
-9.124664,38.750889
-9.120063,38.750928
-9.115463,38.750967
-9.110862,38.751006
-9.106262,38.751044
-9.101661,38.751083
-9.097061,38.751121
-9.202926,38.753801
-9.198325,38.753844
-9.193724,38.753885
-9.189124,38.753927
-9.184523,38.753969
-9.179923,38.754010
-9.175322,38.754051
-9.170721,38.754092
-9.166121,38.754133
-9.161520,38.754174
-9.156919,38.754214
-9.152318,38.754254
-9.147718,38.754294
-9.143117,38.754334
-9.138516,38.754374
-9.133915,38.754414
-9.129315,38.754453
-9.124714,38.754492
-9.120113,38.754531
-9.115512,38.754570
-9.110912,38.754608
-9.106311,38.754647
-9.101710,38.754685
-9.097109,38.754723
-9.193778,38.757488
-9.189177,38.757530
-9.184576,38.757571
-9.179975,38.757613
-9.175374,38.757654
-9.170773,38.757695
-9.166173,38.757736
-9.161572,38.757776
-9.156971,38.757817
-9.152370,38.757857
-9.147769,38.757897
-9.143168,38.757937
-9.138567,38.757977
-9.133966,38.758016
-9.129365,38.758055
-9.124764,38.758095
-9.120163,38.758134
-9.115562,38.758172
-9.110961,38.758211
-9.106360,38.758250
-9.101759,38.758288
-9.097158,38.758326
-9.092557,38.758364
-9.198432,38.761049
-9.193831,38.761091
-9.189230,38.761132
-9.184629,38.761174
-9.180028,38.761215
-9.175427,38.761256
-9.170826,38.761297
-9.166225,38.761338
-9.161623,38.761379
-9.157022,38.761419
-9.152421,38.761459
-9.147820,38.761500
-9.143219,38.761539
-9.138617,38.761579
-9.134016,38.761619
-9.129415,38.761658
-9.124814,38.761697
-9.120213,38.761736
-9.115611,38.761775
-9.111010,38.761814
-9.106409,38.761852
-9.101808,38.761890
-9.097206,38.761929
-9.092605,38.761966
-9.193885,38.764693
-9.189283,38.764735
-9.184682,38.764776
-9.180081,38.764818
-9.175479,38.764859
-9.170878,38.764900
-9.166277,38.764941
-9.161675,38.764981
-9.157074,38.765022
-9.152472,38.765062
-9.147871,38.765102
-9.143269,38.765142
-9.138668,38.765182
-9.134067,38.765221
-9.129465,38.765261
-9.124864,38.765300
-9.120262,38.765339
-9.115661,38.765378
-9.111059,38.765416
-9.106458,38.765455
-9.101856,38.765493
-9.097255,38.765531
-9.092653,38.765569
-9.189336,38.768337
-9.184735,38.768379
-9.180133,38.768420
-9.175532,38.768461
-9.170930,38.768502
-9.166329,38.768543
-9.161727,38.768584
-9.157125,38.768624
-9.152524,38.768665
-9.147922,38.768705
-9.143320,38.768745
-9.138719,38.768784
-9.134117,38.768824
-9.129515,38.768863
-9.124914,38.768902
-9.120312,38.768941
-9.115710,38.768980
-9.111109,38.769019
-9.106507,38.769057
-9.101905,38.769096
-9.097303,38.769134
-9.092702,38.769172
-9.184788,38.771981
-9.180186,38.772023
-9.175584,38.772064
-9.170982,38.772105
-9.166381,38.772146
-9.161779,38.772186
-9.157177,38.772227
-9.152575,38.772267
-9.147973,38.772307
-9.143371,38.772347
-9.138769,38.772387
-9.134167,38.772426
-9.129566,38.772466
-9.124964,38.772505
-9.120362,38.772544
-9.115760,38.772583
-9.111158,38.772622
-9.106556,38.772660
-9.101954,38.772698
-9.097352,38.772736
-9.092750,38.772774
-9.180239,38.775625
-9.175637,38.775666
-9.171035,38.775707
-9.166433,38.775748
-9.161831,38.775789
-9.157228,38.775829
-9.152626,38.775870
-9.148024,38.775910
-9.143422,38.775950
-9.138820,38.775990
-9.134218,38.776029
-9.129616,38.776068
-9.125014,38.776108
-9.120411,38.776147
-9.115809,38.776186
-9.111207,38.776224
-9.097400,38.776339
-9.092798,38.776377
-9.171087,38.779310
-9.166485,38.779351
-9.161882,38.779392
-9.157280,38.779432
-9.152678,38.779472
-9.148075,38.779512
-9.143473,38.779552
-9.138871,38.779592
-9.134268,38.779632
-9.129666,38.779671
-9.125064,38.779710
-9.120461,38.779749
-9.166537,38.782953
-9.161934,38.782994
-9.157332,38.783035
-9.152729,38.783075
-9.148126,38.783115
-9.143524,38.783155
-9.138921,38.783195
-9.134319,38.783234
-9.157383,38.786637
-9.152780,38.786677
-9.148178,38.786718
-9.157435,38.790240
-9.152832,38.790280
-9.148229,38.790320
